Tr_velo_to_cam: 0.9998902345713879 0.0022176918695524326 -0.014649254300009911 -1.507598364915406 -0.0023523848749997353 0.9999550618992917 -0.009183706625512007 0.046434961766295954 0.014628229358829124 0.009217159256263378 0.9998505182681411 -2.136989649138175
fx: 2066.697564417299 fy: 2066.697564417299 cx: 950.5512774150723 cy: 641.1870541472169
k1: 0.036260226499726975 k2: -0.35323300768499216 p1: 0.0003256378403347263 p2: 0.00021755891240936618 k3: 0.0
