-9.870349325206141389e-01 7.680374854568714632e-03 -1.603217197578661324e-01 0.000000000000000000e+00
1.605032672499132340e-01 4.186517331950587867e-02 -9.861470521504541731e-01 0.000000000000000000e+00
-8.620824376990943259e-04 -9.990937489069886546e-01 -4.255511378024466607e-02 0.000000000000000000e+00
0.000000000000000000e+00 0.000000000000000000e+00 0.000000000000000000e+00 1.000000000000000000e+00
